425566
428273
431725
429909
430524
422085
429361
430236
430696
428385
427605
423301
429359
431608
423652
422203
422147
422779
431126
429017
429593
424348
431832
424255
429022
431136
429504
430131
428931
429594
422305
428433
431357
430281
431142
429802
431448
430133
424061
429352
422045
421969
424257
425289
431835
428268
429801
422135
428211
430241
422141
422543
422201
425564
431428
429066
422262
422057
426112
429016
429896
425288
423110
428432
423579
428762
428328
423109
429505
430521
422540
430277
428256
431298
422562
428893
431739
430124
431146
430409
428261
431620
431622
428929
431893
422758
430565
431240
428324
423685
428763
431854
431258
430123
429112
428319
429915
431139
422066
421988
430607
430692
423275
429133
428892
431256
428714
423278
428891
431948
430502
424038
430525
429366
428728
429796
431260
422531
424052
423703
422268
430121
424051
430683
430023
421975
423132
423844
425292
427523
429127
423553
431960
429025
431454
429071
430563
429026
423377
431430
422763
428453
431833
428326
428771
423843
431358
429685
430701
423839
428758
429556
431892
429590
429676
425168
431429
428208
431219
423546
431149
424273
430120
428325
430119
428266
429029
430682
431148
431432
428272
422618
429503
429368
422040
424358
431135
422640
431145
431889
429128
429799
422124
429070
428318
422614
422255
430237
430406
422267
429115
430279
429007
428331
424227
429370
429506
422323
431845
431837
425214
431040
423676
431143
428755
431131
428382
422273
429592
422785
421961
431125
429365
428329
422575
431294
431859
429789
431360
430702
425171
422782
430494
431846
423041
423547
427499
429067
429798
424276
423433
430278
430240
428739
430242
422272
424439
431127
424372
430694
422553
422756
431130
431615
428452
421989
422324
422615
421949
429549
424053
431938
429353
427026
429023
428260
421976
431891
429552
424270
428451
430239
429126
426114
429129
429795
425295
431619
423101
429797
422051
431618
422014
431840
422123
429351
422269
424189
429069
423290
431026
431886
422070
430676
429512
428269
422020
429519
429887
422762
428934
431727
429893
422067
422064
428734
430017
424055
428264
431138
431295
430014
430520
431224
427129
431234
424040
428757
430595
429800
430022
425173
431720
431033
426113
429355
431233
431299
432008
424275
422205
432001
430280
421999
428321
429589
429062
423860
431217
422643
422566
421816
422068
430134
429014
431844
429010
431259
423679
428759
430013
424063
431447
422260
428760
429905
428933
423696
431732
424272
430016
430699
429068
431733
428772
428715
431134
429027
423828
429114
431612
425215
427530
428431
431717
430681
428255
425152
425294
423664
423263
431616
429894
431736
427024
428717
430234
423220
429591
431028
431220
425212
430680
422611
427021
423845
431834
424062
430596
430679
423663
428262
429886
424193
428730
422263
429910
431932
431221
429024
429688
423826
430558
430116
431147
431144
429518
422054
430143
431123
424194
432007
423632
422050
423268
428896
427027
431302
424060
424368
428735
429889
431860
423424
430238
422018
429554
431831
427527
424353
431458
427502
431839
424365
422148
431257
430557
429787
425293
422041
430562
431453
425286
422613
423868
423149
423677
431836
422202
424195
421815
423856
431137
430697
425553
431122
428265
422200
422256
421968
431235
424356
430141
430566
431943
428736
424371
431997
427514
430693
427529
430235
422055
423043
431609
429364
422298
426115
430136
429132
431239
429906
431216
422266
429912
431261
428738
431030
427025
431888
425583
428733
429911
431731
431963
424039
431031
425287
430142
428267
428207
428263
423867
425213
431942
431894
428930
423548
422043
423865
431951
431362
422322
430598
431940
431941
426116
429555
430125
428898
431937
423550
422314
428754
