423845
430023
428273
431221
430124
431622
422305
430906
431301
428269
431295
422323
428933
423703
431963
429894
426112
429593
428267
429549
430022
424763
428763
421999
426116
423676
429029
430914
427605
422267
431835
428261
423263
424038
430136
423685
424356
427026
424754
430143
425377
431997
421969
432001
431447
429026
423868
431138
431619
423652
431257
429505
422273
431960
424270
431893
429070
430596
422200
427239
421989
430119
428894
423632
429361
430234
422045
421988
430683
430693
421968
428735
425213
429688
422785
429129
431717
425397
431453
431618
430935
430679
429512
430237
423860
429915
424194
424885
431731
428931
430562
430116
429112
429802
423856
431845
429893
430494
424255
429796
431217
431429
431147
425433
428757
422269
431616
424881
430502
429127
428733
429352
431258
430520
429592
430565
429590
424053
429519
424626
424756
430525
431860
422054
425688
422041
428934
422020
424039
430281
431437
430681
430682
425079
423579
424760
424063
431942
424061
431889
431145
428760
431609
429014
431149
431233
423548
424365
430241
424055
430697
424275
424452
428739
430016
429025
431620
422758
424372
424348
431725
423424
430676
431458
427527
431840
430013
422064
423844
431143
421975
429594
424353
422611
421816
429370
428319
430393
431137
431938
431239
431148
428898
429789
428263
425286
425293
422202
423867
422543
422618
422255
428891
425168
429589
424444
430699
431146
422640
429016
423290
424189
425378
430909
429351
428736
428759
422014
430563
429024
427529
429801
422256
428730
428255
431357
425152
430558
421815
423553
424439
430390
429007
422263
422050
428321
429027
431362
429503
425295
422614
429133
423433
429364
422763
425288
431142
431948
422266
429797
421949
431216
422314
422203
429071
431126
431294
428266
431937
423679
425583
429591
429556
429132
431837
424755
430701
431732
425215
429905
422051
425173
422762
425212
422562
428755
423149
423110
428260
430125
424671
429069
430521
431615
429114
422040
430595
430680
431123
426113
422643
428328
421976
431139
427027
431234
426115
426114
431832
430279
431130
431219
422575
431240
423546
423311
423547
427233
422068
428892
431428
428893
431951
431432
422205
430242
429889
427024
430924
431886
431859
431720
428329
431235
429911
430235
428325
429010
423696
431888
428264
428738
431836
422018
430141
429906
431260
424195
422298
431831
430692
429067
427025
430123
424257
425287
424227
424273
430236
431220
431358
431834
431454
427530
431448
431739
429066
422201
432007
423041
422055
422782
423109
424272
425412
431127
431259
431839
430702
422070
424051
430017
431941
428272
431733
425171
424040
423663
422531
430133
424052
423820
423268
423275
423826
429115
424441
429676
430142
428772
431360
421961
423839
432008
424358
429353
429506
425564
424827
431023
428758
431125
428929
428318
422067
430014
428896
431833
423132
424193
429355
422260
428324
422085
430557
422066
430607
422756
431891
422553
424276
424886
431144
430280
424817
424627
429022
430933
431261
429800
424585
425011
425289
430524
431134
431299
429912
431854
431894
428734
422268
422322
425214
422615
424584
423220
424761
427129
424836
431736
431608
424557
424644
425553
422262
423865
430121
430134
429685
423828
429552
424629
429910
423301
431940
430694
424371
428265
428262
430566
429798
430932
429365
423664
424759
429126
428331
424062
429023
425294
431745
429896
429359
429128
430239
431744
428771
425006
422057
428256
430277
429799
423677
425078
428268
423843
431727
424060
429017
422779
425566
429062
425420
430120
430238
430905
431131
422043
423278
430240
429795
430696
429068
431135
428754
422566
431122
423377
423550
428930
431256
424368
429366
424440
431298
431612
425395
427523
422272
430913
431224
431430
422540
429554
431932
431943
427021
428326
422324
429368
424751
430598
422613
430278
424877
425292
430131
431136
431892
431846
428762
431844
429909
429504
423043
423101
429518
431302
429555
